         0.550006
         0.000000
         0.000000         0.000000         0.000000       294.932739       297.672791       296.723694       292.545288
         0.236808         0.194420         0.146648         0.236605
         0.236808         0.194420         0.146648         0.236605
       293.410431
      2215.995361
         0.226559
         0.008072
         0.000000
       293.342224
       293.914978
         0.000000
         0.000000
         0.000000         0.000000         0.000000        -0.100000        -0.400000        -1.000000        -2.000000
         0.000000
         0.000000
         0.000000         0.000000         0.000000
         0.000000         0.000000         0.000000
         2.809361
      4838.127930
      4838.127930
         0.000000
         8.695893
       145.553802
        16.666666
         0.000000
     15239.684570
     44417.000000
         0.695671
         0.050000
         0.004652
         0.013436
         0.000000
         0.000000
         0.000000       273.160004       273.160004
