         0.550006
         0.000000
         0.000000         0.000000         0.000000       300.680237       300.142090       295.075989       290.581482
         0.239132         0.254238         0.223477         0.306568
         0.239132         0.254238         0.223477         0.306568
       298.567627
      2649.666748
         0.242802
         0.016018
         0.000000
       298.435913
       298.860291
         0.000000
         0.000000
         0.000000         0.000000         0.000000        -0.100000        -0.400000        -1.000000        -2.000000
         0.000000
         0.000000
         0.000000         0.000000         0.000000
         0.000000         0.000000         0.000000
         2.780981
      4843.803711
      4843.803711
         0.000000
        16.046181
       152.780563
        16.666666
         0.000000
     17488.111328
     51601.781250
         1.283694
         0.050000
         0.004641
         0.025803
         0.000000
         0.000000
         0.000000         0.000000       254.296417
